000000001111000011000000000011000211111000000000
011111112222222211000000000011222222221111111110
010000000022222211000000000011222222000000000010
010000000022222211000000000011222222000000000010
010000000022222200000000000000220000000000000010
110000000022222200000000000000220000000000000010
111000000000000000000000000000000000000000000010
111000000000000000000000000000000000000000000010
111000000000000000000000000000000000000000000010
011111111111000000000000000000000011111111111110
001000000001000000000000000000000011000000111110
001000011101000000000000000000000011000000111100
001000111111000000000000000000000011111000110100
001000111111000000000000000000000011111000110100
001000110010000000000000000000000001001000100100
001111110010000000000000000000000001001111100100
001000000000000000000000000000000000000000000100
001000000000000000000000000000000000000000000100
001000000000000000000000000000000000000000000100
001000000000000000000000000000000000000000000100
001000000000000000000000000000000000000000000100
001000000000000000000000000000000000000000000100
001000000000000000000000000000000000000000000100
001000000000000000000000000000000000000000000100
001000000000000000000000000000000000000000000100
001000000000000000000000000000000000000000000100
001000000000000000000000000000000000000000000100
001000000000000000000000000000000000000000000100
001000000000000000000000000000000000000000000100
001000000000000000000000000000000000000000000100
001000000000000000000000000000000000000000000100
001000000000000000000000000000000000000000000100
001000000000000000000000000000000000000000000100
001000000000000000000000000000000000000000000100
001000000000000000000000000000000000000000000100
001000000000000000000000000000000000000000000100
001000000000000000000000000000000000000000000100
001000000000000000000000000000000000000000000100
001000000000000000000000000000000000000000000100
001000000000000000000000000000000000000000000100
001000000000000000111100000000001111000000000100
001000000000000000100100000000001001000000000100
011000000000000000100100000000001001000000000100
010000000000000000100100000000001001000000000100
011000000000000000100111111111111001000000000100
001111111111111111100033333333330001111111111100
000000000000000000000000000000000000000000000000
000000000000000000000000000000000000000000000000
